18137900134
17324182430
18195493470
17393802073
13481685898
17188681501
14570657073
18738306199
17693362157
17552247674
14539338907
13619275213
18050225200
13412819154
18372963040
14915749044
13212085780
15558566972
15830690242
14953053480
17083762632
15731109384
18059712306
18563862538
14598646449
14915242397
18926245819
13211324468
17864124223
15694468974
18629270786
18765462654
13111615461
15366249868
15363525106
18276532695
18660721570
15780902717
18014325447
14795675596
15643610184
14550087684
14527160445
18188106650
14924428630
18164701146
15633007438
14550161848
15231928509
13096548482
18458637457
18698066205
15613704605
17297247753
13228221462
13634299450
17576534195
15912402797
15673707921
13623955632
18976018433
18856543081
13880456171
17371126968
17166608489
18299089242
17817971979
18668208290
13511182608
15291113372
13714917450
17658354352
14743388534
17774422273
13557351672
17150840501
17589661037
14586774489
17750825956
18497240188
15389100098
18953044567
17537567493
13494923468
17330484909
18560569025
18483541038
17089700702
14796730543
13165942936
17383521433
15096338046
18813405157
18165066796
15358832983
13766657138
18339121526
14759985719
14999599413
14781312458
14965004062
15168610040
18529176589
18999177821
18068817462
17045152887
13383398080
14763182106
18681181493
13074125696
14567364489
17885274627
17834952128
15834089966
13792755834
13021666586
18370874208
13039700879
14918322476
14538580783
18071848776
14789303421
15925057455
13727411067
17127206433
14538469815
13324977815
13062378393
15835365089
14959409584
13354808277
17266817856
17745538405
18040388970
14926021651
15635956947
13516193704
17180850583
18430091531
14997450408
13558630523
14997075317
14997419206
15847684296
13765866606
18520318321
15888848454
17688238754
13223911716
14747105749
18943432773
18195206471
15854671786
14916948398
17713746842
15842692157
17841662822
14582087286
15772339876
14985902288
14563327628
14785180017
18296684537
18339402012
13127890177
13594251406
13035248112
15839400880
14520019830
15586937747
17590366948
15783296224
17815976301
17646374288
15753271760
15297667014
17346447807
15791576626
13180062185
13155384382
18051251725
13661889995
15579260831
13252480689
13360643177
17160510811
13299590127
17857010504
14989190222
17767355792
14999473770
18269267979
18544240572
14564929288
13613889519
13884893194
18647710007
18452468381
15567322718
18956454608
15232209583
17733150012
13470059232
17345444982
14786953397
13927108710
14933351181
15794206495
18795230593
17045406902
17247946521
13874546177
13098810154
18238490801
15673829226
14780934702
18941033004
18254237198
13476825153
17727638363
14985201229
15924756708
13186186838
18414566776
14987336902
18015188836
17125462488
17359583616
13181523717
17187794570
14985254809
14727643647
15517242634
14751326374
18927822741
17183886340
13724500541
13311078723
14972735642
15128505067
15281318483
14720255254
14781915080
17285599223
15178059812
13580423896
18144838896
18981855061
18719745871
17324326395
15966093544
13024246759
17011770671
15380837755
18673764567
14547928144
14753089426
13081821581
17199005416
17850656569
15987204237
15655558203
18646072638
17290375991
13062091672
17344817348
14541496262
18762578873
15642942881
13139559638
13652192451
17360482576
15288343314
14984702664
18110323233
13024466508
14932779974
15248576665
17181353549
15537711989
17764105756
17597500295
18428641911
17026019268
17533245904
15947422802
17247817438
15842165487
15965584208
17270556859
17130149225
13721708227
17770293675
13538868803
15910199201
15351319622
14564829384
14770618574
17248083261
13671485312
17815921547
17019433357
18043198750
18284052243
13580061889
17037049967
14764031249
18986224353
13565024088
18064960541
18884445018
17518261780
13598961840
14570085508
14766731128
13098598507
14741077680
14527796574
13056169889
14959314572
14573688674
15580065154
14978813519
17211004169
18640735647
13363652979
13927797219
15057665570
17295663054
14796525604
17720947703
17771631028
14746080822
15660037246
14793645575
17364947448
13123008576
14989899325
13888531448
14767753969
15299855456
17583409468
15755219478
18419875139
14934696449
18987301239
13168326630
15022551486
17850791866
15569948096
18152145024
18439300534
17539130962
18820408887
13233856649
13162271694
18559859811
17789253110
18815161992
14510850336
17534717656
18154554483
18575837012
13665034686
14512886146
14557304119
15513487206
18771156278
17017138103
17153596834
15224713502
15120563940
13212280964
13965079382
15099881042
14532421181
15562294050
17334248053
14568870644
13037914134
13312539293
14723427858
18975222839
17546518111
15369192391
15987258884
18818903456
17263905870
17125458352
17614361862
18987355650
17028211961
18381526543
15622194283
18513761707
15237844191
13131692129
14580301006
13089930676
14910134985
15563198234
17131604668
13678925880
14570389491
13765254418
13990485800
13719233861
13431685089
14927704279
13567358156
13533592722
15697169391
15967337559
14599220764
13254924529
15318117293
17318529297
17527187406
18768468523
17678863524
13584237397
18027191637
14560136026
14527086787
14974175013
15839504888
14526521798
14784856374
13183264030
15679234814
17019955546
14538464417
15314485851
17161318625
18528012501
15766253743
14543499626
18466226192
15914189304
18776556139
17868894951
15694556066
18832042429
15922560246
14997741317
17144052462
13880139148
14764077007
17623149390
15182260280
14756779496
14511070538
18287983252
13931408529
17077647770
14735054687
18420471229
18613910848
18419947461
15228202377
14768006575
13731620718
14942151823
18017643409
13772570088
14929479426
17393660971
15743469056
18484261597
13693723940
17741310032
18068723895
17541991503
15156018375
13683140323
13219025155
17315368215
18980664590
18177888787
14581672967
18693722599
17142740968
18423880410
14751229303
18284203674
15733896569
18278153991
15612116461
18519317830
13352942288
15660279352
17314399717
15551287755
18237392518
13725035109
13582562320
18436466097
13397114149
14938231806
17237114488
17259145956
15699643306
17589742165
17621773882
18233294173
18444285367
15781914440
14920893325
14781062684
18580406326
18883324693
15692529090
15934437383
14759302653
15389613778
15998829587
15855649540
15671895856
15511485906
15075917394
18352754478
17648263757
14778411358
15371302645
14743822114
15047523122
17365776977
17652798268
17312473197
15750417416
15355434259
13941310426
17257062057
18143984457
15125878823
17041119387
15221776013
15591538736
17887279075
17726202046
18254583224
18852184584
13965801216
17776445463
17863119333
17396117266
14973975069
14529145104
18221709676
13713325205
17833535791
13170125334
18642231117
17610385714
18281813684
13193864326
14785809436
14587670185
13645184434
13677085771
17015081227
13518669285
14778950916
15959707196
15636668371
17052904405
14944430842
18897874212
17226205995
15863389298
17574296716
18483374760
13048248477
15330541547
14744689431
15529160918
15260556913
13477701763
14726173037
14722871608
13666749451
17375784630
18493008305
14730864470
18772843596
14573973421
13014976889
13499948312
15635445323
15389668921
17347503032
15638146978
14741428929
17331001425
14715517669
17057985435
18659193697
17667410512
15186782995
13390431382
14772176263
14929759126
13087872407
17544780832
14929221555
18959431902
18296397792
18172805075
18498080240
13695796506
13343939574
17018390410
17741989604
14778584553
14944787981
15762192844
14781948714
15613356227
13927148878
13925612756
17347289147
18897952602
18623919281
13477639931
17230107340
17884192890
15566391990
13087696045
13211993606
17238259187
17326313538
14968808287
18150815205
18921454748
15953351869
18841050549
15247409102
14928399085
14557604114
18537009538
13116642158
17141328303
14922135824
17085171181
17121983230
18682222977
13612935380
18115664093
17098205666
18361127721
17616813677
13728317493
18376644156
14526076557
15211127222
17146171025
14732168375
17162386744
13760170631
15998933870
17815206400
17014344945
15873588365
15582790714
18146136756
15986234146
18374497474
14978418845
15615373855
14516645618
18929283952
17218591072
17641702350
13377316649
18175163283
18166356963
14577735575
13493329458
14795483770
18841023844
14952664252
15293928733
17186911791
17727481313
13861551181
15833865632
14511245700
18749766973
14585841431
13712254126
13449459469
15979294872
13561885135
14954710203
15121173282
15289057811
17326385122
14757181786
15172464875
17694436868
17025940618
14569007905
14737322337
17112070835
14913946376
15565728545
17099793061
18931166647
13544553985
13561792039
15181014140
14917355873
15785277027
18974943309
18518553545
17749266218
17348477131
17356704037
18840291429
13943750179
18679036344
14744397076
18336523975
14961584974
13669218439
15258227775
13630458622
17719563069
18978850873
18346623716
15665745053
15194934336
18958025644
13590928339
15175792181
18873470081
14526506856
13453912211
13815177871
18247357588
15177422097
14970356610
17817307597
13512878709
13096670576
18721287457
17866986866
14598302890
14597571160
15864930622
13859060603
17634592132
18399813838
18824092023
13038055237
18156071393
15784643554
15642902196
18662981817
13141624946
17127887021
18967987781
14785537357
14742513658
17869281577
18860136695
15697855241
13297108260
14724826007
17190561248
13432920656
17090724074
15712257700
13186447812
18461307391
15837896757
14791906169
17182396611
15280926686
18949472760
15161759289
17010346278
13277786510
17199114661
17376048574
17898448885
13025880034
14788036888
14998272288
15896036203
18883469188
17179467391
14747491252
13174232537
17650969488
13139779203
14947417281
15661426693
18255728241
15798686629
14718830317
15520721513
17026482436
15180159399
13120967461
13550102040
15889053774
15843807044
14921480091
14934892509
14544567406
14581223905
18717124887
13982862474
18418468805
15649963248
15826009471
14982474524
18298640795
17648696954
18953473688
18167743329
15897650233
14521342449
15397141929
17036332002
15658779806
17568856424
14578698864
18270477215
18314768670
15677230553
14940024876
18253717864
14563676406
13623919905
15623264081
13251895605
13617652104
17576622916
17515683049
17114063934
14982631077
17027094963
18411306157
13139280587
17890272577
17667196274
13864762179
17852637345
14755892997
18089500409
18077008391
17311463121
15175896138
13235811994
13567082244
14966686775
14958071269
17855891321
17891342615
13518146433
14728456984
18530312976
17198469564
17331506529
17019364394
17364183070
18736218711
15531831664
18198106422
15076790230
13940956982
18265231601
17868389862
15229558499
13318669187
14569473961
14710313536
17323857990
14929290496
17172095245
14513486332
13571287104
15026135269
15157663701
14942838323
18757064096
15888153806
14956409934
14911947838
18942763200
15572563459
15133340424
18841031112
15049746042
17037589567
17713453366
18616872691
17759583457
17834812181
14518902026
15926198476
17875667227
15741566535
14744032202
14944151894
14710736816
14735213858
18389977844
14547965747
13525174301
14574521758
14975099514
18477266025
18077729615
17597178054
18482700426
15882530350
15924904290
15574198075
17733397495
14569506986
14733751726
15677868813
15865469658
14999330094
15588165165
18897676415
13430934725
14559456569
15790855461
18747765560
17832285100
18620583839
14911054462
13553576068
14791406152
14912907054
14910442828
18174243889
14930732015
13482470572
15358438326
18818724638
18284195964
15846409639
17342656640
13751173513
17151689099
17097606408
17633158349
14989936276
18790531620
15639656312
15914359271
15875173723
17093959100
17773445801
18834337025
15615785853
14512619826
17039857495
17068036682
17193941114
13890583421
14516821236
18639514212
13013618257
18746935953
14794296578
17627323722
15772655301
17629214626
13139524278
15253654637
14555307857
15986318203
15625146671
17557304897
18752448494
14775380422
18323624833
13045627074
13494593376
15197818747
13269837266
15550836426
15658097891
14755314095
